0.755	6.665
0.748	6.767
4.609	7.256
2.873	7.509
7.399	9.120
10.473	10.966
14.806	16.829
15.808	17.908
16.639	18.775
18.344	19.186
19.945	20.570
19.554	20.773
20.975	22.305
21.879	22.860
25.874	26.367
26.027	26.425
28.387	29.347
30.612	31.156
35.072	35.384
36.600	37.169
38.822	39.592
39.061	41.216
42.822	44.981
42.919	45.458
44.622	46.633
44.839	47.520
45.312	48.140
47.428	48.349
48.307	49.342
50.414	51.303
50.866	51.524
51.050	52.015
51.824	52.881
53.105	53.450
56.123	57.194
59.782	60.720
60.647	61.637
65.845	66.190
67.721	68.530
67.351	68.894
68.995	69.545
71.066	71.667
73.683	74.419
73.915	75.044
80.451	81.752
81.940	82.335
82.551	82.618
81.931	82.698
85.796	86.741
86.577	87.831
85.898	88.714
88.888	89.898
88.640	90.099
91.189	91.589
92.808	93.652
93.376	93.848
96.537	97.533
96.399	98.015
96.927	98.610
99.556	101.209
101.231	101.618
101.675	102.165
102.581	103.968
106.356	107.275
106.010	107.671
106.477	107.844
108.146	108.741
107.732	108.765
110.233	110.542
110.742	112.404
111.124	113.177
112.854	114.369
118.688	119.704
120.133	121.444
126.294	127.535
134.982	135.425
137.514	140.007
139.065	141.108
139.912	142.016
140.061	142.678
141.427	144.446
141.786	144.714
144.341	145.679
143.308	145.920
145.821	146.855
147.380	148.307
148.873	150.553
153.645	154.984
155.112	156.206
155.340	157.438
159.263	160.304
162.556	163.831
161.723	164.205
163.623	164.888
165.125	166.907
166.029	167.503
168.043	169.593
179.444	180.949
179.542	181.165
184.078	186.056
192.459	193.803
196.073	197.344
197.205	198.335
199.184	200.762
200.327	202.619
201.176	203.495
201.485	204.428
201.893	205.535
203.072	206.469
203.675	206.493
204.099	206.752
205.807	207.045
206.411	207.953
209.825	210.173
209.657	210.305
210.293	211.557
211.736	212.444
211.297	213.134
215.034	215.782
216.266	217.048
216.797	217.402
216.382	217.926
218.977	219.942
219.649	221.019
220.296	221.593
220.749	222.406
220.727	222.649
223.331	224.682
224.047	225.146
224.758	226.026
226.038	226.690
224.556	226.938
228.479	229.091
233.822	235.171
238.727	239.175
238.759	240.221
240.005	240.725
241.212	242.161
242.661	243.444
243.672	244.474
248.445	248.892
250.083	251.617
251.125	252.593
257.107	259.253
258.433	259.716
258.448	260.898
260.241	261.452
266.341	266.659
268.266	268.725
268.672	269.650
271.984	272.570
272.050	273.673
275.464	275.769
275.728	276.760
279.073	279.337
279.431	279.898
279.718	280.321
280.245	282.308
281.520	282.962
283.663	284.744
284.969	285.669
285.103	286.922
290.447	291.439
293.762	293.993
294.593	294.916
294.663	296.602
295.620	296.926
301.618	301.874
307.212	308.147
307.548	309.966
307.947	310.756
314.793	315.953
315.544	316.149
317.710	318.520
322.518	323.463
325.695	326.728
328.661	329.201
330.386	331.468
333.384	334.972
333.871	335.845
338.134	338.919
338.570	339.327
338.809	340.595
341.479	342.160
350.128	350.819
352.715	354.101
354.490	355.335
354.659	356.165
356.025	357.245
356.383	357.759
357.798	359.586
358.756	360.006
359.031	360.335
360.459	361.052
363.309	364.335
365.590	366.384
365.865	366.896
370.872	371.314
375.759	375.913
376.567	377.480
383.489	384.721
383.874	386.618
384.803	386.986
388.146	389.047
388.309	390.808
389.221	391.726
389.239	393.372
389.671	393.850
390.471	394.761
393.737	396.138
395.703	396.659
395.522	397.534
398.598	399.324
401.185	401.434
401.851	402.075
402.197	402.504
404.610	405.354
409.654	410.481
410.104	413.042
410.832	413.667
411.566	415.332
417.767	418.056
417.862	419.118
417.896	420.311
418.261	421.468
419.390	422.960
425.531	427.460
425.599	428.204
428.504	429.209
429.859	433.249
433.876	434.110
439.915	440.394
442.216	443.449
442.738	444.457
447.125	448.008
447.146	448.203
455.180	455.440
456.149	456.708
456.721	458.597
460.623	462.598
461.877	463.117
462.763	464.663
463.426	465.975
464.413	466.085
464.932	466.439
466.259	466.559
467.300	468.377
467.857	469.727
467.868	470.405
468.167	471.043
470.929	471.765
473.171	473.970
477.850	478.159
478.144	478.946
482.890	483.814
486.859	487.786
487.642	488.229
493.260	493.410
500.758	500.932
504.155	506.834
505.635	507.498
509.360	509.959
509.664	510.565
509.923	510.859
510.195	512.250
512.353	513.521
518.212	519.175
518.605	519.532
518.872	520.223
522.811	524.472
526.638	526.836
526.886	527.225
526.948	527.630
527.540	528.280
528.120	528.774
528.134	529.644
528.419	531.238
531.697	532.486
531.817	533.319
532.924	534.528
535.216	536.713
537.493	539.264
538.166	539.593
538.427	540.348
539.436	541.329
540.248	542.951
541.328	544.265
541.957	544.652
543.129	545.385
549.791	550.811
549.806	551.863
550.281	551.932
553.719	555.979
554.978	556.252
557.763	558.737
557.913	559.380
566.268	567.297
566.273	567.511
569.590	570.260
569.078	570.509
571.851	573.737
574.821	575.766
577.232	577.675
582.863	583.245
583.321	584.858
586.796	587.021
588.544	590.065
588.912	591.048
589.360	591.719
589.532	593.418
593.765	594.225
594.494	596.058
595.269	596.939
595.506	597.302
598.460	599.583
599.937	602.343
600.354	603.504
603.237	604.112
604.635	606.987
607.496	608.292
609.721	610.666
610.747	611.515
611.548	612.182
615.608	616.227
615.972	617.275
616.167	619.012
619.725	621.004
621.839	622.267
626.567	627.239
628.283	629.504
641.411	647.050
644.550	648.746
642.557	649.597
642.438	649.681
645.077	650.116
646.818	650.536
647.536	650.606
650.518	650.943
648.858	650.957
645.982	651.182
650.651	651.253
654.718	655.347
655.495	655.868
659.656	659.850
658.699	660.145
657.925	660.418
660.120	660.765
660.780	661.306
658.930	661.891
662.785	663.312
665.235	665.832
664.849	666.242
667.457	668.298
669.197	670.601
669.519	670.695
671.096	671.168
671.203	672.015
673.168	674.157
673.729	674.944
675.348	676.169
680.395	681.059
682.623	682.992
684.108	685.572
685.642	688.534
686.160	689.903
687.411	691.803
687.309	692.085
688.646	692.409
694.915	697.315
696.186	697.337
698.665	700.162
702.901	704.367
704.419	704.895
704.672	705.290
713.067	713.597
714.359	715.987
715.375	716.565
715.493	717.069
717.828	718.612
721.240	722.608
722.621	723.464
722.993	724.295
725.221	726.548
725.603	727.959
726.378	728.767
726.874	729.629
728.235	729.965
730.142	730.688
731.628	731.904
731.956	732.835
732.443	734.159
732.894	734.964
734.192	735.619
740.220	740.928
742.159	743.209
745.726	746.515
745.898	746.943
745.943	748.683
747.374	749.660
747.848	750.070
748.583	750.678
750.970	752.705
751.149	753.395
754.981	757.103
755.948	758.505
757.586	759.221
757.665	762.021
757.782	762.857
759.886	763.105
759.816	763.309
761.727	764.037
762.405	764.190
763.054	764.622
768.714	769.594
772.329	772.622
772.996	774.127
773.879	774.826
774.514	774.914
774.746	775.267
780.321	780.561
782.234	783.110
784.513	785.254
785.516	787.782
785.942	788.218
787.753	788.868
788.266	790.306
792.715	795.309
797.987	798.484
804.244	804.771
804.684	805.991
805.322	807.025
808.928	809.483
810.065	811.874
811.551	812.902
813.826	814.994
814.256	815.364
815.386	816.717
815.544	817.287
815.601	817.523
821.880	822.468
824.208	825.995
825.977	826.500
826.393	827.044
827.030	828.549
831.613	832.862
840.883	841.876
842.753	843.075
847.426	848.111
848.338	849.425
851.714	853.011
854.081	854.445
854.536	855.162
859.167	861.266
859.193	864.797
859.761	865.174
860.998	865.389
866.055	866.423
866.844	867.770
867.055	869.349
869.386	869.763
871.402	871.751
871.634	873.223
874.651	874.890
873.758	875.422
875.645	877.111
880.780	882.487
884.027	885.453
890.904	891.508
893.106	893.574
893.994	894.826
894.845	896.588
895.123	897.812
895.251	900.015
896.554	900.541
898.457	901.046
898.891	901.459
896.871	901.471
900.161	902.127
904.313	905.235
905.451	906.122
910.802	911.406
911.065	912.423
910.151	912.425
913.299	914.242
914.333	915.762
916.341	917.342
917.913	919.252
918.953	919.286
919.774	920.631
920.221	920.724
928.854	929.015
930.391	930.678
929.267	930.807
934.444	935.074
937.525	938.579
944.898	945.318
946.673	947.755
947.282	948.551
950.964	952.637
951.088	953.511
956.276	957.625
957.355	958.286
959.439	959.671
963.520	965.187
964.850	966.193
967.972	968.928
971.289	973.261
972.583	973.828
976.985	978.949
977.503	979.874
977.814	981.011
980.053	981.717
983.213	984.450
984.178	985.205
984.234	985.724
985.254	986.419
985.718	987.236
985.854	988.367
986.182	989.401
987.858	990.140
988.726	991.557
991.622	991.737
992.074	992.716
993.757	995.309
994.325	996.907
994.932	997.833
995.227	998.974
997.691	999.898
